80
87
68
53
70
109
72
122
80
68
114
52
80
122
114
55
82
84
114
52
81
106
114
56
80
68
114
52
80
122
114
123
80
87
68
78
80
87
68
53
70
109
102
54
70
109
106
53
70
109
92
56
70
109
72
123
82
68
114
56
80
122
114
56
80
68
114
52
81
84
114
123
80
87
84
78
80
87
68
122
70
109
88
125
70
109
106
56
70
109
88
53
70
109
102
55
70
109
106
56
70
109
88
123
70
109
72
123
81
84
114
54
80
84
114
55
81
68
114
123
80
87
84
78
80
87
68
53
70
109
102
53
70
109
102
122
70
109
92
55
70
109
72
122
81
106
114
123
80
71
76
78
80
87
72
124
70
109
106
56
70
109
88
123
70
109
72
122
80
122
114
56
80
84
114
54
81
122
114
123
80
109
68
78
81
125
92
78
81
125
84
78
81
125
102
78
81
87
92
78
81
87
80
78
82
71
110
78
80
87
76
51
70
109
110
123
70
109
88
125
70
109
102
125
70
109
72
123
80
122
114
56
80
122
114
56
80
68
114
52
81
106
114
52
80
84
114
54
81
106
114
54
80
84
114
52
80
84
114
123
80
71
92
78
81
125
102
78
81
87
72
78
81
87
76
78
80
87
76
123
70
109
72
122
81
68
114
123
80
87
76
78
80
87
72
123
70
109
72
123
82
68
114
123
80
71
72
78
81
125
84
78
81
125
76
78
80
87
76
123
70
109
106
123
70
109
106
53
70
109
88
52
70
109
72
124
80
106
114
54
81
106
114
54
80
68
114
123
80
71
102
78
82
87
72
78
80
87
68
122
70
109
110
122
70
109
88
53
70
109
72
123
80
68
114
123
80
71
72
78
81
87
84
78
80
87
68
125
70
109
72
124
81
84
114
54
81
106
114
54
80
106
114
52
81
106
114
55
82
68
114
54
81
106
114
54
80
84
114
54
80
106
114
123
80
109
76
78
81
125
110
78
80
87
68
56
70
109
92
55
70
109
88
55
70
109
102
53
70
109
102
125
70
109
72
122
80
122
114
123
80
87
88
78
80
87
68
123
70
109
72
122
82
84
114
56
80
106
114
52
80
84
114
55
80
106
114
123
80
109
84
78
81
109
110
78
81
87
88
78
82
71
72
78
80
87
68
56
70
109
106
51
70
109
72
123
81
84
114
54
81
106
114
54
80
106
114
54
80
122
114
123
80
109
76
78
80
87
68
124
70
109
102
51
70
109
72
124
80
122
114
123
80
87
72
78
82
71
110
78
81
87
80
78
82
71
110
78
80
87
68
55
70
109
106
53
70
109
88
125
70
109
72
123
80
84
114
52
80
84
114
54
82
84
114
123
80
109
88
78
82
71
106
78
80
87
76
52
70
109
106
123
70
109
72
124
81
68
114
52
81
84
114
123
80
109
88
78
82
71
72
78
80
87
68
55
70
109
92
55
70
109
72
123
81
68
114
55
81
106
114
52
80
84
114
123
80
71
102
78
82
71
106
78
82
71
102
78
82
71
106
78
80
87
76
124
70
109
72
123
82
68
114
54
81
106
114
54
81
68
114
123
80
109
80
78
80
87
72
52
70
109
72
122
80
68
114
52
80
122
114
55
82
68
114
123
80
71
92
78
82
71
88
78
81
87
80
78
82
71
110
78
80
87
68
56
70
109
72
122
80
68
114
52
80
122
114
52
82
84
114
123
80
87
88
78
81
125
92
78
81
125
76
78
82
71
72
78
80
87
72
51
70
109
72
122
80
106
114
123
80
87
76
78
81
109
68
78
80
87
72
56
70
109
110
125
70
109
106
53
70
109
88
56
70
109
72
124
80
122
114
55
80
68
114
123
80
109
88
78
82
71
84
78
80
87
76
122
70
109
106
122
70
109
102
122
70
109
88
52
70
109
72
124
80
106
114
54
82
84
114
123
80
71
110
78
81
109
106
78
80
87
68
53
70
109
106
55
70
109
88
125
70
109
102
125