80
87
72
124
70
109
102
54
70
109
88
54
70
109
106
122
70
109
110
122
70
109
102
125
70
109
88
54
70
109
72
122
81
68
114
54
81
84
114
55
80
84
114
123
80
87
68
78
80
87
68
125
70
109
88
51
70
109
72
122
80
122
114
123
80
71
102
78
82
87
76
78
82
87
72
78
81
125
80
78
81
87
102
78
80
87
68
125
70
109
72
123
80
122
114
123
80
71
76
78
80
87
76
51
70
109
106
122
70
109
72
124
81
84
114
55
81
84
114
123
80
87
72
78
80
87
68
125
70
109
88
51
70
109
72
122
81
122
114
123
80
71
110
78
80
87
68
125
70
109
72
123
80
106
114
52
81
106
114
123
80
109
72
78
80
87
68
124
70
109
102
52
70
109
102
54
70
109
88
123
70
109
72
122
80
122
114
52
81
68
114
54
80
122
114
52
81
84
114
123
80
71
80
78
80
87
68
55
70
109
102
53
70
109
106
123
70
109
102
122
70
109
72
123
80
68
114
123
80
87
110
78
80
87
72
123
70
109
72
122
81
68
114
55
81
106
114
53
82
68
114
53
80
68
114
54
81
106
114
54
81
68
114
54
81
122
114
52
81
106
114
123
80
71
80
78
81
125
84
78
82
71
110
78
80
87
68
54
70
109
72
122
80
106
114
123
80
87
80
78
81
125
102
78
80
87
68
54
70
109
72
122
81
68
114
55
81
106
114
123
80
71
102
78
80
87
68
123
70
109
106
122
70
109
72
124
81
68
114
123
80
109
76
78
80
87
68
53
70
109
106
123
70
109
72
122
82
68
114
123
80
109
76
78
80
87
68
53
70
109
106
122
70
109
72
122
82
68
114
123
80
109
76
78
80
87
68
53
70
109
106
122
70
109
106
53
70
109
72
124
80
106
114
123
80
71
92
78
82
71
72
78
80
87
68
55
70
109
72
124
80
106
114
123
80
71
92
78
82
71
68
78
81
125
68
78
80
87
76
124
70
109
72
122
81
106
114
55
80
84
114
54
80
68
114
123
80
109
76
78
80
87
68
53
70
109
106
123
70
109
72
124
81
68
114
123
80
109
76
64