93
74
89
112
76
74
89
55
103
73
60
124
93
91
81
121
103
91
77
109
93
86
107
112
100
90
123
111
79
70
69
125
100
74
60
54
78
87
114
78
76
70
68
106
76
75
69
56
103
74
107
121
101
111
60
122
92
91
85
114
76
71
51
106
102
54
111
125
79
112
77
107
102
53
89
105
93
91
107
111
92
52
60
122
102
112
89
112
100
91
106
106
78
124
68
108
91
73
123
122
104
91
85
114
101
53
56
54
79
112
89
55
93
86
76
78
76
70
68
106
76
75
81
114
93
90
123
118
80
125
76
106
83
86
69
109
103
70
56
91
100
90
56
72
87
72
122
114
77
54
81
114
93
90
123
118
80
125
76
113
78
84
114
106
76
70
68
106
102
53
107
111
101
74
122
125
80
108
56
87
100
74
89
118
101
72
89
55
93
90
81
52
103
74
89
69
79
112
73
124
93
54
85
56
102
74
89
125
76
71
51
106
103
124
56
76
89
51
56
72
79
70
69
54
79
110
123
84
84
52
81
88
88
108
122
106
103
124
56
80
88
72
81
87
89
73
76
118
76
75
102
120
87
73
69
71
88
52
85
86
79
70
69
54
79
110
123
84
84
52
81
88
88
108
122
106
103
124
56
77
87
111
84
78
76
70
68
106
76
75
81
114
93
90
123
118
80
125
76
120
88
53
107
111
101
74
123
73
104
74
89
109
103
91
85
111
84
86
56
124
93
91
81
51
104
91
69
111
76
71
51
106
103
124
56
76
86
88
56
87
89
72
73
82
84
51
88
78
76
70
68
106
76
74
111
112
78
74
60
125
79
113
69
107
103
74
106
120
93
91
107
115
102
54
85
125
78
75
69
56
103
74
107
121
101
111
60
122
92
91
85
114
78
87
51
60
89
75
77
52
93
86
110
57
70
108
68
106
76
70
68
77
102
53
107
111
101
74
122
125
80
108
56
87
100
74
89
118
101
72
89
55
93
90
81
52
103
74
89
69
78
72
56
121
101
112
88
118
76
74
76
113
101
54
69
111
101
108
102
118
76
75
69
56
103
74
107
121
101
111
60
122
92
91
85
114
79
112
89
120
92
53
60
110
93
86
106
115
79
74
93
115
101
74
88
118
76
72
56
121
101
112
88
118
76
75
81
114
101
54
102
115
70
108
68
106
76
70
69
111
101
75
81
111
82
106
114
106
76
70
68
106
76
70
68
106
76
75
81
114
93
90
123
118
80
125
76
120
88
53
107
111
101
74
123
73
104
74
89
109
103
91
85
111
84
86
107
82
101
53
56
111
79
70
69
108
77
53
60
122
93
90
55
113
79
70
69
108
77
54
69
56
79
112
89
55
93
86
102
118
93
112
111
118
93
86
122
106
87
112
60
120
93
86
122
106
102
53
107
121
103
124
110
78
70
112
85
111
93
108
69
124
103
90
56
105
92
53
60
119
101
90
73
120
93
70
107
109
101
53
52
119
92
90
56
110
78
87
114
78
76
70
68
106
76
74
60
52
103
75
69
52
103
70
68
60
76
70
76
108
70
108
68
106
76
70
69
111
102
113
77
121
102
108
68
60
76
70
76
108
70
108
68
106
76
70
69
54
100
91
85
114
76
74
60
125
79
113
69
121
102
74
89
120
78
74
81
121
101
90
52
107
101
112
84
115
76
74
73
125
76
75
69
124
101
53
81
111
102
54
80
57
70
108
68
106
76
70
68
106
76
70
68
106
101
54
89
51
102
75
89
51
76
71
51
106
102
75
77
121
92
53
89
125
102
124
56
124
93
90
73
110
78
70
110
78
76
70
68
106
76
70
68
106
76
70
69
124
93
91
85
52
102
112
56
105
92
53
60
110
93
86
68
60
76
75
69
124
101
53
81
111
102
54
80
120
92
53
123
121
102
53
88
114
78
84
114
106
76
70
68
106
100
90
92
106
102
112
89
51
103
91
77
120
91
53
81
121
93
74
88
106
100
91
80
106
101
112
60
51
76
72
56
121
101
112
88
106
92
90
56
110
76
75
77
111
103
75
89
124
101
111
60
109
101
53
85
111
76
70
72
60
76
71
68
57
70
108
68
106
76
70
68
106
76
70
68
106
103
53
111
51
100
70
69
121
102
124
56
122
101
54
69
111
101
108
107
109
101
53
52
119
92
90
56
110
76
70
118
106
76
108
68
124
83
108
92
123
76
108
110
106
92
91
80
106
102
75
77
121
92
53
89
125
102
125
114
78
76
70
68
106
76
70
68
106
76
70
68
106
76
70
68
106
93
91
77
124
101
54
76
106
83
86
69
122
102
112
60
109
93
91
81
125
79
113
77
111
92
90
84
114
78
84
114
106
76
70
68
106
93
90
123
125
93
87
114
78
76
70
68
106
76
70
68
106
76
70
69
111
102
113
77
121
102
108
68
60
76
70
76
108
70
108
68
106
76
70
69
124
93
91
85
52
102
112
55
78
70
112
111
112
76
75
69
118
92
91
85
112
101
54
77
119
76
71
51
60
76
70
77
54
100
90
55
125
80
108
76
57
70
108
68
106
76
70
69
125
92
54
77
115
102
75
85
105
102
74
73
51
100
70
68
60
76
74
60
125
79
113
69
107
103
74
106
120
93
74
111
124
101
112
73
119
93
86
107
105
91
53
93
115
101
74
89
105
91
124
110
106
78
124
77
102
91
75
85
111
102
54
85
105
102
112
111
125
100
124
56
122
104
86
76
78
76
70
68
106
76
75
81
109
102
112
111
122
103
73
60
122
92
91
85
114
76
71
51
106
77
124
76
113
76
70
118
106
102
53
81
124
100
91
69
51
91
54
69
107
103
74
106
106
78
124
68
113
76
108
102
78
76
70
68
106
76
74
89
55
103
73
60
124
93
91
81
121
103
91
77
109
93
86
107
125
92
54
77
115
102
75
85
105
102
74
73
51
100
70
56
111
101
112
81
121
93
74
88
114
78
86
122
106
80
70
110
78
93
90
123
125
93
87
114
78
76
70
68
106
76
75
81
109
102
112
111
122
103
73
60
122
92
91
85
114
76
71
51
106
101
54
80
120
102
74
73
51
100
70
56
110
100
91
77
120
92
90
52
111
78
74
60
125
79
113
69
107
103
74
106
120
102
112
89
107
101
75
69
107
103
74
106
114
91
52
60
112
100
90
123
111
91
52
59
115
78
84
114
106
76
70
68
106
102
53
81
124
100
91
69
51
91
54
69
107
103
74
106
106
83
86
68
108
102
75
111
51
100
74
60
120
80
124
68
108
76
70
118
106
77
124
76
113
76
70
118
106
102
53
81
124
100
91
69
51
91
54
69
107
103
74
106
106
78
124
68
108
79
54
85
111
102
54
85
105
102
112
111
125
100
124
56
122
104
86
76
106
78
124
68
113
76
108
102
106
78
124
68
108
76
71
55
106
79
53
85
111
103
108
60
120
103
90
123
118
76
71
76
46
77
109
72
106
77
108
76
78
76
70
68
106
76
75
77
52
101
111
60
109
101
53
52
119
92
90
56
110
78
75
81
109
102
112
111
122
103
73
60
122
92
91
85
114
78
84
64
64